#Data: CIFAR-10 50k Local mstd
#> Input has shape (128, 3, 24, 24) and dropout: 0.2
#  Augmentation -- jitter: (8, 8)  flipX: 1  flipY: 0
#+ Convolution: 3 filters (5, 5) padding: 2 initW: 0.1  l2decay: 0.0004
#V Pool: scale 2 for output: 64 channels x (12, 12)
#+ Convolution: 64 filters (5, 5) padding: 2 initW: 0.1  l2decay: 0.0004
#V Pool: scale 2 for output: 128 channels x (6, 6)
#* FCLayer with shape (4608, 3000)  initW: 0.01  l2decay: 0.003  dropout: 0.5
#* FCLayer with shape (3000, 3000)  initW: 0.01  l2decay: 0.003  dropout: 0.5
#= Output neurons: (3000, 10) initW: 0.01  l2decay: 0.03
#time    epoch  LR      test      train     
00:00:53    0 0.020000 0.51072828 0.51682692
00:01:46    1 0.020000 0.37032585 0.37079327
00:02:39    2 0.020000 0.33041756 0.33774038
00:03:32    3 0.020000 0.29086538 0.29186699
00:04:25    4 0.020000 0.32556535 0.32892628
00:05:19    5 0.020000 0.28937411 0.30308494
00:06:12    6 0.020000 0.26371083 0.28145032
00:07:05    7 0.020000 0.25382835 0.27283654
00:07:58    8 0.020000 0.23573273 0.26101763
00:08:51    9 0.020000 0.23660078 0.26462340
00:09:44   10 0.020000 0.22458155 0.25240385
00:10:38   11 0.020000 0.22585025 0.24739583
00:11:31   12 0.020000 0.20773237 0.23978365
00:12:24   13 0.020000 0.20448273 0.22936699
00:13:17   14 0.020000 0.21512197 0.23818109
00:14:10   15 0.020000 0.20014245 0.22996795
00:15:03   16 0.020000 0.19455573 0.22636218
00:15:56   17 0.020000 0.19520121 0.23297276
00:16:50   18 0.020000 0.20276887 0.23597756
00:17:43   19 0.020000 0.19166222 0.22716346
00:18:36   20 0.020000 0.19003739 0.22175481
00:19:30   21 0.020000 0.19976407 0.23036859
00:20:23   22 0.020000 0.20575142 0.23918269
00:21:16   23 0.020000 0.17855235 0.21514423
00:22:09   24 0.020000 0.19742699 0.24178686
00:23:02   25 0.020000 0.17708333 0.21254006
00:23:55   26 0.020000 0.18273682 0.21915064
00:24:48   27 0.020000 0.20154469 0.23437500
00:25:41   28 0.020000 0.16504184 0.20512821
00:26:34   29 0.020000 0.17935363 0.21814904
00:27:27   30 0.020000 0.17599270 0.21574519
00:28:20   31 0.020000 0.17260951 0.21774840
00:29:13   32 0.010000 0.20503917 0.23677885
00:30:06   33 0.010000 0.12190616 0.17207532
00:30:59   34 0.010000 0.12653579 0.18028846
00:31:52   35 0.010000 0.11870103 0.17467949
00:32:45   36 0.010000 0.11769943 0.17027244
00:33:38   37 0.010000 0.12956286 0.18108974
00:34:31   38 0.010000 0.12266293 0.17467949
00:35:24   39 0.010000 0.11687589 0.16947115
00:36:17   40 0.010000 0.11476140 0.17187500
00:37:10   41 0.010000 0.11640848 0.17147436
00:38:04   42 0.010000 0.10908565 0.16686699
00:38:57   43 0.010000 0.10886307 0.17287660
00:39:50   44 0.010000 0.11315883 0.17327724
00:40:43   45 0.010000 0.10456731 0.16326122
00:41:36   46 0.010000 0.10389957 0.16245994
00:42:29   47 0.010000 0.10899662 0.17067308
00:43:22   48 0.010000 0.11235755 0.17387821
00:44:15   49 0.010000 0.10826211 0.17407853
00:45:08   50 0.010000 0.10158476 0.16346154
00:46:01   51 0.010000 0.10819533 0.17548077
00:46:54   52 0.010000 0.11551816 0.17708333
00:47:47   53 0.010000 0.10009348 0.16626603
00:48:40   54 0.010000 0.10254184 0.16826923
00:49:32   55 0.010000 0.10223024 0.16826923
00:50:25   56 0.010000 0.09797899 0.16546474
00:51:19   57 0.010000 0.10007123 0.16205929
00:52:11   58 0.010000 0.09357194 0.16866987
00:53:04   59 0.005000 0.10049412 0.17127404
00:53:58   60 0.005000 0.08095175 0.15284455
00:54:51   61 0.005000 0.07496439 0.15124199
00:55:44   62 0.005000 0.07636663 0.15785256
00:56:37   63 0.005000 0.06835381 0.14943910
00:57:30   64 0.005000 0.07282764 0.14843750
00:58:23   65 0.005000 0.07200410 0.15244391
00:59:16   66 0.005000 0.06599448 0.14723558
01:00:09   67 0.005000 0.06425837 0.14603365
01:01:02   68 0.005000 0.06149840 0.14723558
01:01:55   69 0.005000 0.06790865 0.15564904
01:02:48   70 0.005000 0.07233796 0.15284455
01:03:41   71 0.005000 0.06376870 0.15124199
01:04:33   72 0.005000 0.07498665 0.16326122
01:05:26   73 0.005000 0.06866542 0.15024038
01:06:19   74 0.005000 0.06485933 0.14723558
01:07:12   75 0.005000 0.06699608 0.15144231
01:08:05   76 0.005000 0.06087518 0.15084135
01:08:58   77 0.005000 0.05811521 0.14743590
01:09:51   78 0.005000 0.06439192 0.15044071
01:10:43   79 0.005000 0.06410256 0.14743590
01:11:36   80 0.005000 0.06040776 0.14863782
01:12:29   81 0.005000 0.06365741 0.15224359
01:13:22   82 0.005000 0.05655716 0.14923878
01:14:15   83 0.005000 0.05344106 0.14743590
01:15:08   84 0.005000 0.06459224 0.15645032
01:16:01   85 0.005000 0.06080840 0.15845353
01:16:54   86 0.005000 0.05813746 0.14983974
01:17:46   87 0.005000 0.05317397 0.15024038
01:18:39   88 0.005000 0.05181624 0.14963942
01:19:32   89 0.005000 0.05519943 0.15384615
01:20:25   90 0.002500 0.05958422 0.15044071
01:21:18   91 0.002500 0.04037571 0.13762019
01:22:11   92 0.002500 0.03935185 0.13601763
01:23:04   93 0.002500 0.03621350 0.13541667
01:23:58   94 0.002500 0.03418803 0.13521635
01:24:51   95 0.002500 0.04139957 0.14162660
01:25:44   96 0.002500 0.03521189 0.13221154
01:26:36   97 0.002500 0.03291934 0.13741987
01:27:29   98 0.002500 0.03354256 0.13461538
01:28:22   99 0.002500 0.03265224 0.13782051
01:29:15  100 0.002500 0.03623575 0.14062500
01:30:08  101 0.002500 0.03047098 0.13501603
01:31:01  102 0.002500 0.03407675 0.14342949
01:31:54  103 0.002500 0.03398771 0.14102564
01:32:47  104 0.002500 0.03004808 0.13762019
01:33:39  105 0.002500 0.03062678 0.13621795
01:34:32  106 0.002500 0.03116097 0.14022436
01:35:25  107 0.002500 0.04010862 0.14282853
01:36:18  108 0.002500 0.02975873 0.13661859
01:37:11  109 0.002500 0.03507835 0.13802083
01:38:04  110 0.002500 0.03205128 0.14383013
01:38:57  111 0.002500 0.02775552 0.13922276
01:39:50  112 0.002500 0.02764423 0.13741987
01:40:42  113 0.002500 0.02926905 0.14042468
01:41:35  114 0.002500 0.03454416 0.14383013
01:42:28  115 0.002500 0.02826745 0.13802083
01:43:21  116 0.002500 0.02717682 0.14202724
01:44:14  117 0.002500 0.02949163 0.13962340
01:45:07  118 0.002500 0.03165064 0.14403045
01:46:00  119 0.002500 0.03062678 0.14002404
01:46:53  120 0.002500 0.03007033 0.14162660
01:47:45  121 0.002500 0.03207354 0.14463141
01:48:38  122 0.002500 0.03187322 0.14843750
01:49:31  123 0.002500 0.02668714 0.14202724
01:50:24  124 0.002500 0.02842325 0.14262821
01:51:17  125 0.002500 0.02793358 0.14342949
01:52:10  126 0.002500 0.02862358 0.14222756
01:53:03  127 0.002500 0.02535167 0.13701923
01:53:56  128 0.002500 0.02550748 0.14022436
01:54:49  129 0.002500 0.02579683 0.13882212
01:55:41  130 0.002500 0.03447739 0.14743590
01:56:34  131 0.002500 0.02483974 0.13741987
01:57:27  132 0.002500 0.02561877 0.14643429
01:58:20  133 0.002500 0.02561877 0.13701923
01:59:13  134 0.001250 0.03349804 0.14423077
02:00:06  135 0.001250 0.01885239 0.13060897
02:00:59  136 0.001250 0.02005431 0.13080929
02:01:52  137 0.001250 0.01747240 0.13161058
02:02:45  138 0.001250 0.01816239 0.13000801
02:03:38  139 0.001250 0.01664886 0.12800481
02:04:31  140 0.001250 0.01431179 0.13321314
02:05:24  141 0.001250 0.01789530 0.14182692
02:06:17  142 0.001250 0.01529113 0.13541667
02:07:10  143 0.001250 0.01911948 0.13902244
02:08:03  144 0.001250 0.01524662 0.13281250
02:08:56  145 0.001250 0.01497952 0.13221154
02:09:48  146 0.001250 0.01228632 0.13080929
02:10:41  147 0.001250 0.01573629 0.13201122
02:11:34  148 0.001250 0.01317664 0.13421474
02:12:27  149 0.001250 0.01308761 0.13341346
02:13:20  150 0.001250 0.01426727 0.12940705
02:14:13  151 0.001250 0.01288729 0.12900641
02:15:06  152 0.001250 0.01546920 0.13080929
02:15:59  153 0.001250 0.01097311 0.13221154
02:16:52  154 0.001250 0.01344373 0.13301282
02:17:45  155 0.001250 0.01106214 0.12940705
02:18:37  156 0.001250 0.01382212 0.13000801
02:19:30  157 0.001250 0.01306535 0.13241186
02:20:23  158 0.001250 0.01393340 0.13561699
02:21:16  159 0.001250 0.01400018 0.12960737
02:22:09  160 0.001250 0.00994925 0.13321314
02:23:02  161 0.001250 0.01179665 0.12920673
02:23:55  162 0.001250 0.00961538 0.13141026
02:24:48  163 0.001250 0.01266471 0.13020833
02:25:40  164 0.001250 0.01255342 0.13361378
02:26:33  165 0.001250 0.01553597 0.13361378
02:27:26  166 0.001250 0.01317664 0.13741987
02:28:19  167 0.001250 0.01057247 0.13161058
02:29:12  168 0.001250 0.01262019 0.13261218
02:30:05  169 0.001250 0.01284277 0.13241186
02:30:58  170 0.001250 0.01083957 0.13441506
02:31:51  171 0.001250 0.01195246 0.13521635
02:32:44  172 0.001250 0.01351051 0.13741987
02:33:37  173 0.001250 0.01006054 0.12940705
02:34:29  174 0.001250 0.01310986 0.13241186
02:35:22  175 0.001250 0.01233084 0.13521635
02:36:15  176 0.001250 0.01003828 0.13301282
02:37:08  177 0.001250 0.01117343 0.13862179
02:38:01  178 0.001250 0.01117343 0.13461538
02:38:54  179 0.001250 0.01306535 0.13461538
02:39:47  180 0.001250 0.01101763 0.13641827
02:40:39  181 0.001250 0.01197472 0.13120994
02:41:32  182 0.001250 0.01230858 0.13621795
02:42:25  183 0.001250 0.01357728 0.13842147
02:43:18  184 0.001250 0.01146278 0.13601763
02:44:11  185 0.001250 0.01275374 0.13822115
02:45:04  186 0.001250 0.01384437 0.13741987
02:45:57  187 0.001250 0.01213052 0.13281250
02:46:50  188 0.001250 0.01404469 0.13762019
02:47:43  189 0.001250 0.01444533 0.13621795
02:48:35  190 0.001250 0.01068376 0.13100962
02:49:28  191 0.001250 0.01050570 0.13401442
02:50:21  192 0.001250 0.01066150 0.13201122
02:51:14  193 0.001250 0.01050570 0.13241186
02:52:07  194 0.001250 0.01388889 0.13942308
02:53:00  195 0.001250 0.01297632 0.13521635
02:53:53  196 0.001250 0.01057247 0.13521635
02:54:46  197 0.001250 0.00890313 0.13581731
02:55:38  198 0.001250 0.01059473 0.13641827
02:56:31  199 0.001250 0.01048344 0.12960737
02:57:24  200 0.001250 0.01186343 0.14042468
02:58:17  201 0.000625 0.00990474 0.13201122
02:59:10  202 0.000625 0.00625445 0.12940705
03:00:03  203 0.000625 0.00585381 0.12720353
03:00:56  204 0.000625 0.00540865 0.13040865
03:01:49  205 0.000625 0.00578704 0.12800481
03:02:42  206 0.000625 0.00500801 0.12520032
03:03:35  207 0.000625 0.00623219 0.13080929
03:04:28  208 0.000625 0.00534188 0.13020833
03:05:20  209 0.000625 0.00556446 0.12940705
03:06:13  210 0.000625 0.00551994 0.13141026
03:07:06  211 0.000625 0.00487447 0.13100962
03:07:59  212 0.000625 0.00529736 0.12900641
03:08:52  213 0.000625 0.00572026 0.12840545
03:09:45  214 0.000625 0.00460737 0.12540064
03:10:38  215 0.000625 0.00496350 0.13201122
03:11:31  216 0.000625 0.00436254 0.12780449
03:12:23  217 0.000625 0.00609865 0.13120994
03:13:16  218 0.000625 0.00396189 0.13040865
03:14:09  219 0.000625 0.00447382 0.12780449
03:15:02  220 0.000625 0.00496350 0.12900641
03:15:55  221 0.000625 0.00605413 0.12960737
03:16:48  222 0.000625 0.00456286 0.12940705
03:17:41  223 0.000625 0.00489672 0.12760417
03:18:34  224 0.000625 0.00434028 0.12860577
03:19:26  225 0.000625 0.00451834 0.12680288
03:20:20  226 0.000625 0.00438479 0.12399840
03:21:12  227 0.000625 0.00449608 0.12580128
03:22:05  228 0.000625 0.00460737 0.13100962
03:22:58  229 0.000625 0.00491898 0.13221154
03:23:51  230 0.000625 0.00478543 0.12760417
03:24:44  231 0.000625 0.00376157 0.12540064
03:25:37  232 0.000625 0.00338319 0.13100962
03:26:30  233 0.000625 0.00509704 0.12500000
03:27:22  234 0.000625 0.00400641 0.12840545
03:28:15  235 0.000625 0.00342771 0.12920673
03:29:08  236 0.000625 0.00378383 0.12900641
03:30:01  237 0.000625 0.00705573 0.13701923
03:30:54  238 0.000625 0.00500801 0.13381410
03:31:47  239 0.000625 0.00543091 0.13201122
03:32:40  240 0.000625 0.00418447 0.13261218
03:33:33  241 0.000625 0.00523059 0.12900641
03:34:26  242 0.000625 0.00413996 0.12800481
03:35:18  243 0.000625 0.00507479 0.13241186
03:36:11  244 0.000625 0.00487447 0.12560096
03:37:04  245 0.000625 0.00358351 0.12500000
03:37:57  246 0.000625 0.00407318 0.12700321
03:38:50  247 0.000625 0.00434028 0.12980769
03:39:43  248 0.000625 0.00447382 0.13020833
03:40:36  249 0.000625 0.00456286 0.12600160
03:41:29  250 0.000625 0.00349448 0.13060897
03:42:22  251 0.000625 0.00476318 0.13281250
03:43:14  252 0.000625 0.00476318 0.12760417
03:44:07  253 0.000625 0.00360577 0.12660256
03:45:00  254 0.000625 0.00371706 0.12860577
03:45:53  255 0.000625 0.00427350 0.12620192
03:46:46  256 0.000625 0.00405093 0.12780449
03:47:39  257 0.000625 0.00387286 0.13120994
03:48:32  258 0.000625 0.00398415 0.13141026
03:49:25  259 0.000625 0.00405093 0.12880609
03:50:17  260 0.000625 0.00618768 0.13161058
03:51:10  261 0.000625 0.00393964 0.12900641
03:52:03  262 0.000625 0.00376157 0.12620192
03:52:56  263 0.000625 0.00411770 0.12700321
03:53:49  264 0.000625 0.00416222 0.13040865
03:54:42  265 0.000625 0.00491898 0.12820513
03:55:35  266 0.000625 0.00420673 0.12940705
03:56:28  267 0.000625 0.00407318 0.13401442
03:57:21  268 0.000625 0.00549769 0.13181090
03:58:13  269 0.000625 0.00427350 0.12740385
03:59:06  270 0.000625 0.00429576 0.13301282
03:59:59  271 0.000625 0.00365028 0.12680288
04:00:52  272 0.000625 0.00376157 0.13361378
04:01:45  273 0.000625 0.00434028 0.13000801
04:02:38  274 0.000625 0.00396189 0.13201122
04:03:31  275 0.000625 0.00449608 0.12640224
04:04:24  276 0.000625 0.00496350 0.13281250
04:05:17  277 0.000625 0.00360577 0.12920673
04:06:10  278 0.000625 0.00411770 0.12259615
04:07:03  279 0.000625 0.00567575 0.12960737
04:07:55  280 0.000625 0.00614316 0.13401442
04:08:48  281 0.000625 0.00416222 0.12680288
04:09:41  282 0.000625 0.00376157 0.12840545
04:10:34  283 0.000625 0.00440705 0.13521635
04:11:27  284 0.000625 0.00409544 0.13521635
04:12:20  285 0.000625 0.00549769 0.12680288
04:13:13  286 0.000625 0.00558672 0.12860577
04:14:06  287 0.000625 0.00418447 0.13060897
04:14:58  288 0.000625 0.00405093 0.12840545
04:15:51  289 0.000625 0.00405093 0.13181090
04:16:44  290 0.000625 0.00351674 0.13100962
04:17:37  291 0.000625 0.00385061 0.13161058
04:18:30  292 0.000625 0.00296029 0.12580128
04:19:23  293 0.000625 0.00365028 0.13080929
04:20:16  294 0.000625 0.00309384 0.13120994
04:21:08  295 0.000625 0.00298255 0.13181090
04:22:01  296 0.000625 0.00411770 0.12820513
04:22:54  297 0.000625 0.00367254 0.13381410
04:23:47  298 0.000625 0.00336093 0.13661859
04:24:40  299 0.000625 0.00418447 0.13281250
04:25:33  300 0.000625 0.00360577 0.13040865
04:26:26  301 0.000625 0.00293803 0.13161058
04:27:19  302 0.000625 0.00373932 0.12760417
04:28:11  303 0.000625 0.00365028 0.13100962
04:29:04  304 0.000625 0.00529736 0.13381410
04:29:57  305 0.000625 0.00445157 0.13721955
04:30:50  306 0.000625 0.00391738 0.12920673
04:31:43  307 0.000625 0.00351674 0.12860577
04:32:36  308 0.000625 0.00342771 0.13000801
04:33:29  309 0.000625 0.00344996 0.12960737
04:34:22  310 0.000625 0.00289352 0.12760417
04:35:14  311 0.000625 0.00480769 0.13120994
04:36:07  312 0.000313 0.00413996 0.13000801
04:37:00  313 0.000313 0.00284900 0.12680288
04:37:53  314 0.000313 0.00242610 0.13020833
04:38:46  315 0.000313 0.00218127 0.12820513
04:39:39  316 0.000313 0.00191417 0.12399840
04:40:32  317 0.000313 0.00242610 0.13060897
04:41:25  318 0.000313 0.00162482 0.12780449
04:42:18  319 0.000313 0.00182514 0.13060897
04:43:10  320 0.000313 0.00198095 0.12660256
04:44:03  321 0.000313 0.00209224 0.13100962
04:44:56  322 0.000313 0.00178063 0.12860577
04:45:49  323 0.000313 0.00151353 0.12880609
04:46:42  324 0.000313 0.00166934 0.12620192
04:47:35  325 0.000313 0.00184740 0.12900641
04:48:28  326 0.000313 0.00149127 0.13341346
04:49:21  327 0.000313 0.00144676 0.12900641
04:50:14  328 0.000313 0.00191417 0.12459936
04:51:06  329 0.000313 0.00218127 0.12900641
04:51:59  330 0.000313 0.00224804 0.13441506
04:52:52  331 0.000313 0.00215901 0.12720353
04:53:45  332 0.000313 0.00182514 0.12600160
04:54:38  333 0.000313 0.00171385 0.12740385
04:55:31  334 0.000313 0.00162482 0.12479968
04:56:24  335 0.000313 0.00173611 0.12780449
04:57:17  336 0.000313 0.00169160 0.12860577
04:58:09  337 0.000313 0.00164708 0.13040865
04:59:02  338 0.000313 0.00175837 0.12860577
04:59:55  339 0.000313 0.00193643 0.13361378
05:00:48  340 0.000313 0.00169160 0.12399840
05:01:41  341 0.000313 0.00169160 0.13080929
05:02:34  342 0.000313 0.00160256 0.12660256
05:03:27  343 0.000313 0.00229256 0.12580128
05:04:19  344 0.000313 0.00186966 0.12439904
05:05:12  345 0.000313 0.00144676 0.12479968
05:06:05  346 0.000313 0.00135773 0.12560096
05:06:58  347 0.000313 0.00184740 0.12960737
05:07:51  348 0.000313 0.00198095 0.12580128
05:08:44  349 0.000313 0.00144676 0.12920673
05:09:37  350 0.000313 0.00146902 0.12780449
05:10:30  351 0.000313 0.00153579 0.13060897
05:11:22  352 0.000313 0.00178063 0.12540064
05:12:15  353 0.000313 0.00200321 0.13040865
05:13:08  354 0.000313 0.00109063 0.12680288
05:14:01  355 0.000313 0.00137999 0.12860577
05:14:54  356 0.000313 0.00131321 0.12860577
05:15:47  357 0.000313 0.00169160 0.12800481
05:16:40  358 0.000313 0.00204772 0.12680288
05:17:33  359 0.000313 0.00135773 0.12960737
05:18:26  360 0.000313 0.00151353 0.13221154
05:19:18  361 0.000313 0.00137999 0.12800481
05:20:11  362 0.000313 0.00209224 0.13141026
05:21:04  363 0.000313 0.00146902 0.13161058
05:21:57  364 0.000313 0.00178063 0.12339744
05:22:50  365 0.000313 0.00169160 0.13000801
05:23:43  366 0.000313 0.00151353 0.13020833
05:24:36  367 0.000313 0.00162482 0.13100962
05:25:28  368 0.000313 0.00180288 0.13080929
05:26:21  369 0.000313 0.00178063 0.12720353
05:27:14  370 0.000313 0.00133547 0.12860577
05:28:07  371 0.000313 0.00158031 0.12980769
05:29:00  372 0.000313 0.00182514 0.13141026
05:29:53  373 0.000313 0.00166934 0.13000801
05:30:46  374 0.000313 0.00182514 0.12760417
05:31:39  375 0.000313 0.00173611 0.13361378
05:32:32  376 0.000313 0.00166934 0.13281250
05:33:24  377 0.000313 0.00175837 0.13381410
05:34:17  378 0.000313 0.00137999 0.13161058
05:35:10  379 0.000313 0.00153579 0.12640224
05:36:03  380 0.000313 0.00153579 0.13000801
05:36:56  381 0.000313 0.00180288 0.12940705
05:37:49  382 0.000313 0.00113515 0.12980769
05:38:42  383 0.000313 0.00140224 0.13020833
05:39:35  384 0.000313 0.00133547 0.12720353
05:40:27  385 0.000313 0.00202546 0.12940705
05:41:20  386 0.000313 0.00202546 0.13301282
05:42:13  387 0.000313 0.00149127 0.12840545
05:43:06  388 0.000313 0.00166934 0.13221154
05:43:59  389 0.000313 0.00160256 0.12880609
05:44:52  390 0.000313 0.00151353 0.12520032
05:45:45  391 0.000313 0.00164708 0.12780449
05:46:38  392 0.000313 0.00160256 0.12760417
05:47:30  393 0.000313 0.00153579 0.12840545
05:48:23  394 0.000313 0.00169160 0.13100962
05:49:16  395 0.000313 0.00122418 0.12900641
05:50:09  396 0.000313 0.00117967 0.13201122
05:51:02  397 0.000313 0.00155805 0.13241186
05:51:55  398 0.000313 0.00124644 0.12700321
05:52:48  399 0.000313 0.00193643 0.13060897
05:53:41  400 0.000313 0.00191417 0.13401442
05:54:33  401 0.000313 0.00215901 0.12800481
05:55:26  402 0.000313 0.00153579 0.12980769
05:56:19  403 0.000313 0.00231481 0.13441506
05:57:12  404 0.000313 0.00140224 0.12980769
05:58:05  405 0.000313 0.00149127 0.13060897
05:58:58  406 0.000313 0.00169160 0.13621795
05:59:51  407 0.000313 0.00133547 0.13301282
06:00:44  408 0.000313 0.00131321 0.13201122
06:01:37  409 0.000313 0.00146902 0.13321314
06:02:29  410 0.000313 0.00153579 0.13321314
06:03:22  411 0.000313 0.00151353 0.13241186
06:04:15  412 0.000313 0.00135773 0.13241186
06:05:08  413 0.000313 0.00115741 0.13000801
06:06:01  414 0.000313 0.00135773 0.13221154
06:06:54  415 0.000313 0.00146902 0.13181090
06:07:47  416 0.000313 0.00104612 0.13000801
06:08:40  417 0.000313 0.00144676 0.13060897
06:09:32  418 0.000313 0.00200321 0.13741987
06:10:25  419 0.000313 0.00140224 0.12720353
06:11:18  420 0.000313 0.00111289 0.12920673
06:12:11  421 0.000313 0.00109063 0.13100962
06:13:04  422 0.000313 0.00144676 0.13241186
06:13:57  423 0.000313 0.00106838 0.12880609
06:14:50  424 0.000313 0.00117967 0.12880609
06:15:43  425 0.000313 0.00169160 0.12880609
06:16:35  426 0.000313 0.00122418 0.13100962
06:17:28  427 0.000313 0.00155805 0.13000801
06:18:21  428 0.000313 0.00149127 0.12840545
06:19:14  429 0.000313 0.00153579 0.12620192
06:20:07  430 0.000313 0.00133547 0.12940705
06:21:00  431 0.000313 0.00124644 0.12640224
06:21:53  432 0.000313 0.00151353 0.12880609
06:22:46  433 0.000313 0.00126870 0.12980769
06:23:38  434 0.000313 0.00133547 0.12459936
06:24:31  435 0.000313 0.00120192 0.13100962
06:25:24  436 0.000313 0.00120192 0.12920673
06:26:17  437 0.000313 0.00144676 0.13481571
06:27:10  438 0.000313 0.00111289 0.12640224
06:28:03  439 0.000313 0.00144676 0.12880609
06:28:56  440 0.000313 0.00097934 0.12700321
06:29:49  441 0.000313 0.00135773 0.12840545
06:30:41  442 0.000313 0.00166934 0.12820513
06:31:34  443 0.000313 0.00137999 0.13581731
06:32:27  444 0.000313 0.00071225 0.13100962
06:33:20  445 0.000313 0.00131321 0.12780449
06:34:13  446 0.000313 0.00122418 0.13201122
06:35:06  447 0.000313 0.00120192 0.13261218
06:35:59  448 0.000313 0.00115741 0.12900641
06:36:51  449 0.000313 0.00104612 0.13000801
06:37:44  450 0.000313 0.00120192 0.12880609
06:38:37  451 0.000313 0.00084580 0.12980769
06:39:30  452 0.000313 0.00115741 0.13301282
06:40:23  453 0.000313 0.00126870 0.13060897
06:41:16  454 0.000313 0.00149127 0.13020833
06:42:09  455 0.000313 0.00135773 0.12960737
06:43:02  456 0.000313 0.00104612 0.13161058
06:43:55  457 0.000313 0.00173611 0.13661859
06:44:48  458 0.000313 0.00106838 0.12700321
06:45:40  459 0.000313 0.00117967 0.12840545
06:46:33  460 0.000313 0.00122418 0.13080929
06:47:26  461 0.000313 0.00115741 0.13020833
06:48:19  462 0.000313 0.00113515 0.13120994
06:49:12  463 0.000313 0.00151353 0.13301282
06:50:05  464 0.000313 0.00191417 0.13181090
06:50:58  465 0.000313 0.00117967 0.13261218
06:51:51  466 0.000313 0.00109063 0.13281250
06:52:43  467 0.000313 0.00106838 0.12720353
06:53:36  468 0.000313 0.00100160 0.13461538
06:54:29  469 0.000313 0.00126870 0.13000801
06:55:22  470 0.000313 0.00131321 0.12940705
06:56:15  471 0.000313 0.00144676 0.13000801
06:57:08  472 0.000313 0.00109063 0.13060897
06:58:01  473 0.000313 0.00124644 0.12459936
06:58:53  474 0.000313 0.00102386 0.13201122
06:59:46  475 0.000313 0.00102386 0.13060897
07:00:39  476 0.000313 0.00144676 0.12960737
07:01:32  477 0.000313 0.00155805 0.13321314
07:02:25  478 0.000313 0.00171385 0.12740385
07:03:18  479 0.000313 0.00149127 0.13060897
07:04:11  480 0.000313 0.00164708 0.13401442
07:05:04  481 0.000313 0.00124644 0.12880609
07:05:56  482 0.000313 0.00115741 0.12680288
07:06:49  483 0.000313 0.00111289 0.12960737
07:07:42  484 0.000156 0.00124644 0.12820513
07:08:35  485 0.000156 0.00075677 0.12920673
07:09:28  486 0.000156 0.00077902 0.13060897
07:10:21  487 0.000156 0.00097934 0.12760417
07:11:14  488 0.000156 0.00064548 0.12700321
07:12:07  489 0.000156 0.00066774 0.13181090
07:12:59  490 0.000156 0.00080128 0.12860577
07:13:52  491 0.000156 0.00062322 0.12600160
07:14:45  492 0.000156 0.00062322 0.12580128
07:15:38  493 0.000156 0.00066774 0.12740385
07:16:31  494 0.000156 0.00071225 0.12580128
07:17:24  495 0.000156 0.00060096 0.12940705
07:18:17  496 0.000156 0.00057870 0.12760417
07:19:10  497 0.000156 0.00071225 0.12580128
07:20:03  498 0.000156 0.00077902 0.12940705
07:20:55  499 0.000156 0.00086806 0.12940705
