#Data: MNIST 60k, 1x28x28 with [0,1) scaling
#> Input has shape (128, 1, 28, 28) and dropout: 0.2
#  Augmentation -- jitter: (0, 0)  flipX: 0  flipY: 0
#* FCLayer with shape (784, 800)  initW: -1  l2decay: 0.0  dropout: 0.5
#* FCLayer with shape (800, 800)  initW: -1  l2decay: 0.0  dropout: 0.5
#= Output neurons: (800, 10) initW: -1  l2decay: 0.0
#time    epoch  LR      test      train     
00:00:01    0 0.010000 0.08354365 0.06815160
00:00:03    1 0.010000 0.05598649 0.04704122
00:00:05    2 0.010000 0.04203162 0.03607048
00:00:07    3 0.010000 0.03332838 0.03091755
00:00:09    4 0.010000 0.02633239 0.02593085
00:00:11    5 0.010000 0.02265811 0.02410239
00:00:13    6 0.010000 0.02007868 0.02160904
00:00:14    7 0.010000 0.01725802 0.02227394
00:00:16    8 0.010000 0.01512396 0.02194149
00:00:18    9 0.010000 0.01352806 0.02177527
00:00:20   10 0.010000 0.01109709 0.01928191
00:00:22   11 0.010000 0.00874035 0.01778590
00:00:24   12 0.010000 0.00829498 0.01795213
00:00:25   13 0.010000 0.00681042 0.01579122
00:00:27   14 0.010000 0.00606814 0.01662234
00:00:29   15 0.010000 0.00499183 0.01678856
00:00:31   16 0.010000 0.00445368 0.01645612
00:00:32   17 0.010000 0.00363717 0.01612367
00:00:34   18 0.010000 0.00430523 0.01811835
00:00:36   19 0.010000 0.00274644 0.01529255
00:00:38   20 0.010000 0.00269077 0.01562500
00:00:39   21 0.010000 0.00191137 0.01412899
00:00:41   22 0.010000 0.00159590 0.01446144
00:00:43   23 0.010000 0.00129899 0.01545878
00:00:45   24 0.010000 0.00139178 0.01595745
00:00:47   25 0.010000 0.00090929 0.01396277
00:00:48   26 0.010000 0.00118765 0.01579122
00:00:50   27 0.005000 0.00070517 0.01529255
00:00:52   28 0.005000 0.00031547 0.01429521
00:00:54   29 0.005000 0.00038970 0.01396277
00:00:56   30 0.005000 0.00029691 0.01396277
00:00:57   31 0.005000 0.00020413 0.01496011
00:00:59   32 0.005000 0.00024124 0.01363032
00:01:01   33 0.005000 0.00018557 0.01346410
00:01:03   34 0.005000 0.00020413 0.01329787
00:01:05   35 0.005000 0.00016701 0.01379654
00:01:06   36 0.005000 0.00022268 0.01379654
00:01:08   37 0.005000 0.00016701 0.01379654
00:01:10   38 0.005000 0.00014846 0.01346410
00:01:12   39 0.005000 0.00011134 0.01329787
00:01:13   40 0.005000 0.00007423 0.01363032
00:01:15   41 0.005000 0.00011134 0.01396277
00:01:17   42 0.005000 0.00014846 0.01412899
00:01:19   43 0.005000 0.00009279 0.01396277
00:01:20   44 0.005000 0.00003711 0.01379654
00:01:22   45 0.005000 0.00005567 0.01446144
00:01:24   46 0.005000 0.00005567 0.01363032
00:01:26   47 0.002500 0.00003711 0.01379654
00:01:27   48 0.002500 0.00003711 0.01396277
00:01:29   49 0.002500 0.00001856 0.01329787
00:01:31   50 0.002500 0.00001856 0.01313165
00:01:33   51 0.002500 0.00001856 0.01329787
00:01:34   52 0.002500 0.00001856 0.01296543
00:01:36   53 0.002500 0.00001856 0.01379654
00:01:38   54 0.002500 0.00000000 0.01313165
00:01:40   55 0.002500 0.00001856 0.01296543
00:01:42   56 0.002500 0.00000000 0.01363032
00:01:43   57 0.002500 0.00000000 0.01346410
00:01:45   58 0.002500 0.00000000 0.01296543
00:01:47   59 0.002500 0.00001856 0.01363032
00:01:49   60 0.002500 0.00000000 0.01346410
00:01:50   61 0.002500 0.00000000 0.01363032
00:01:52   62 0.002500 0.00000000 0.01379654
00:01:54   63 0.002500 0.00000000 0.01346410
00:01:56   64 0.002500 0.00000000 0.01313165
00:01:57   65 0.002500 0.00000000 0.01346410
