#Data: MNIST 60k, 1x28x28 with norm [0,1)
#> Input has shape (128, 1, 28, 28) and dropout: 0.2
#  Augmentation -- jitter: 0  flipX: 0  flipY: 0
#* FCLayer with shape (784, 800)  initW: -1  decayW: 0.0  dropout: 0.5
#* FCLayer with shape (800, 800)  initW: -1  decayW: 0.0  dropout: 0.5
#= Output neurons: (800, 10) initW: -1  decayW: 0.0
#epoch  time    test       train     LR
  1 00:00:02 0.15827324 0.14242788 0.0100
  2 00:00:04 0.10026042 0.09134615 0.0100
  3 00:00:06 0.06476362 0.05759215 0.0100
  4 00:00:08 0.05246394 0.04497196 0.0100
  5 00:00:10 0.04210737 0.03725962 0.0100
  6 00:00:12 0.03569712 0.03275240 0.0100
  7 00:00:14 0.03133013 0.03064904 0.0100
  8 00:00:16 0.02758413 0.02854567 0.0100
  9 00:00:18 0.02495994 0.02574119 0.0100
 10 00:00:20 0.02237580 0.02544071 0.0100
 11 00:00:22 0.02189503 0.02383814 0.0100
 12 00:00:24 0.01862981 0.02293670 0.0100
 13 00:00:26 0.01700721 0.02253606 0.0100
 14 00:00:28 0.01530449 0.02073317 0.0100
 15 00:00:30 0.01502404 0.02163462 0.0100
 16 00:00:32 0.01324119 0.01963141 0.0100
 17 00:00:34 0.01416266 0.02103365 0.0100
 18 00:00:36 0.01292067 0.02153446 0.0100
 19 00:00:38 0.01063702 0.01913061 0.0100
 20 00:00:40 0.01081731 0.01993189 0.0100
 21 00:00:42 0.01007612 0.01923077 0.0100
 22 00:00:44 0.00851362 0.01852965 0.0100
 23 00:00:46 0.00837340 0.01872997 0.0100
 24 00:00:48 0.00861378 0.01872997 0.0100
 25 00:00:50 0.00781250 0.01913061 0.0100
 26 00:00:52 0.00719151 0.01672676 0.0100
 27 00:00:54 0.00691106 0.01742788 0.0100
 28 00:00:56 0.00667067 0.01732772 0.0100
 29 00:00:58 0.00604968 0.01662660 0.0100
 30 00:01:00 0.00582933 0.01742788 0.0100
 31 00:01:02 0.00584936 0.01762821 0.0100
 32 00:01:04 0.00494792 0.01562500 0.0100
 33 00:01:06 0.00536859 0.01642628 0.0100
 34 00:01:08 0.00502804 0.01632612 0.0100
 35 00:01:10 0.00478766 0.01602564 0.0100
 36 00:01:11 0.00428686 0.01642628 0.0100
 37 00:01:13 0.00402644 0.01652644 0.0050
 38 00:01:15 0.00296474 0.01562500 0.0050
 39 00:01:17 0.00272436 0.01522436 0.0050
 40 00:01:19 0.00294471 0.01482372 0.0050
 41 00:01:22 0.00276442 0.01402244 0.0050
 42 00:01:23 0.00266426 0.01452324 0.0050
 43 00:01:25 0.00242388 0.01452324 0.0050
 44 00:01:27 0.00238381 0.01482372 0.0050
 45 00:01:29 0.00274439 0.01482372 0.0050
 46 00:01:31 0.00218349 0.01382212 0.0050
 47 00:01:33 0.00198317 0.01442308 0.0050
 48 00:01:35 0.00216346 0.01542468 0.0050
 49 00:01:37 0.00216346 0.01442308 0.0050
 50 00:01:39 0.00192308 0.01472356 0.0050
 51 00:01:41 0.00180288 0.01462340 0.0050
 52 00:01:43 0.00178285 0.01402244 0.0050
 53 00:01:45 0.00186298 0.01462340 0.0050
 54 00:01:47 0.00182292 0.01392228 0.0050
 55 00:01:49 0.00192308 0.01462340 0.0050
 56 00:01:51 0.00194311 0.01432292 0.0050
 57 00:01:53 0.00170272 0.01442308 0.0050
 58 00:01:55 0.00166266 0.01422276 0.0050
 59 00:01:57 0.00166266 0.01462340 0.0050
 60 00:01:59 0.00134215 0.01352163 0.0050
 61 00:02:01 0.00140224 0.01422276 0.0050
 62 00:02:03 0.00144231 0.01452324 0.0050
 63 00:02:05 0.00126202 0.01462340 0.0050
 64 00:02:07 0.00142228 0.01382212 0.0050
 65 00:02:09 0.00130208 0.01302083 0.0050
 66 00:02:11 0.00132212 0.01422276 0.0050
 67 00:02:13 0.00124199 0.01362179 0.0025
 68 00:02:15 0.00120192 0.01322115 0.0025
 69 00:02:17 0.00106170 0.01402244 0.0025
 70 00:02:19 0.00104167 0.01322115 0.0025
 71 00:02:21 0.00104167 0.01362179 0.0025
 72 00:02:23 0.00094151 0.01352163 0.0025
 73 00:02:25 0.00104167 0.01412260 0.0025
 74 00:02:27 0.00094151 0.01432292 0.0025
 75 00:02:29 0.00088141 0.01372196 0.0025
 76 00:02:31 0.00088141 0.01432292 0.0025
 77 00:02:33 0.00082131 0.01382212 0.0025
 78 00:02:35 0.00090144 0.01372196 0.0025
 79 00:02:37 0.00094151 0.01382212 0.0025
 80 00:02:39 0.00084135 0.01372196 0.0025
 81 00:02:41 0.00088141 0.01382212 0.0025
 82 00:02:43 0.00076122 0.01412260 0.0025
 83 00:02:45 0.00076122 0.01392228 0.0025
 84 00:02:47 0.00060096 0.01372196 0.0025
 85 00:02:49 0.00074119 0.01392228 0.0025
 86 00:02:51 0.00082131 0.01382212 0.0025
 87 00:02:53 0.00074119 0.01402244 0.0025
 88 00:02:55 0.00072115 0.01362179 0.0025
 89 00:02:57 0.00072115 0.01362179 0.0025
 90 00:02:59 0.00080128 0.01352163 0.0025
 91 00:03:01 0.00068109 0.01392228 0.0025
 92 00:03:03 0.00060096 0.01322115 0.0025
 93 00:03:05 0.00062099 0.01352163 0.0025
 94 00:03:07 0.00062099 0.01352163 0.0025
 95 00:03:09 0.00060096 0.01432292 0.0025
 96 00:03:11 0.00062099 0.01322115 0.0025
 97 00:03:13 0.00066106 0.01392228 0.0025
 98 00:03:15 0.00062099 0.01382212 0.0025
 99 00:03:17 0.00054087 0.01452324 0.0025
100 00:03:19 0.00050080 0.01412260 0.0025
